# Mean
  1.86443630669661E+05,  2.34347100830440E+05,  5.33863575299282E+04,  7.72142245033972E-01,  1.90667713988189E+00,  3.27579840764822E-01
# Covariance Matrix
  8.26870831000237E+03,  1.52208981146812E+03,  3.69849496564652E+02,  9.94724477904060E-02,  2.70890504372077E-02,  6.67309915879564E-03
  1.52208981146812E+03,  7.87605781949499E+03,  3.74720005332952E+02,  2.65084975182073E-02,  9.56753557801156E-02,  6.75060470338478E-03
  3.69849496564652E+02,  3.74720005332952E+02,  6.66404752369762E+03,  6.55604105242979E-03,  6.77498233375927E-03,  7.25161885080798E-02
  9.94724477904060E-02,  2.65084975182073E-02,  6.55604105242979E-03,  1.20609872036665E-06,  4.24243411695851E-07,  1.05499923224165E-07
  2.70890504372077E-02,  9.56753557801156E-02,  6.77498233375927E-03,  4.24243411695851E-07,  1.17218128395188E-06,  1.08427795536412E-07
  6.67309915879564E-03,  6.75060470338478E-03,  7.25161885080798E-02,  1.05499923224165E-07,  1.08427795536412E-07,  7.90732550637742E-07
